  -0.23084  -0.37879  -0.17417  -0.22028   0.20170  -0.18334   0.22598  -0.32846   0.11688   0.27711
   0.01681   0.10723  -0.10883   0.10603  -0.23505   0.13716  -0.10003  -0.05134  -0.19892  -0.25876
   0.10361  -0.20726   0.06769  -0.18872   0.31073   0.04961  -0.28835   0.16086  -0.02936  -0.15315
  -0.21978  -0.42348  -0.13876   0.01494  -0.06990  -0.23043  -0.28442  -0.05440  -0.20769   0.08206
   0.06916  -0.09164  -0.15477  -0.42275  -0.33551  -0.22374  -0.35213   0.20238  -0.13389  -0.02400
  -0.28630  -0.19646  -0.00120  -0.10933  -0.15719  -0.18150  -0.16994  -0.39657  -0.00885  -0.24233
   0.01001  -0.15147  -0.32760  -0.29425  -0.25565  -0.03510   0.28832  -0.07229  -0.32400   0.19973
   0.14202  -0.47033   0.02478   0.14277  -0.03473  -0.12658  -0.24621  -0.20524   0.12883   0.03907
   0.19156  -0.24369  -0.14421  -0.13544  -0.28639   0.14391  -0.14712  -0.24840   0.20182   0.13192
  -0.17919  -0.43531   0.01969   0.15376  -0.33395  -0.24802  -0.36249  -0.07256   0.16107   0.19956
  -0.25698   0.22296  -0.35903   0.05581   0.21136  -0.14247  -0.40752   0.11737   0.15550   0.23811
  -0.07127  -0.43780   0.13415  -0.34403   0.08626  -0.37429  -0.02901   0.10457  -0.08026  -0.31077
   0.23351   0.04363   0.17804   0.07944  -0.26834  -0.32370  -0.15521  -0.27477  -0.24876  -0.44875
  -0.28745  -0.16282   0.10721  -0.19692   0.29571   0.00656  -0.01991  -0.14559   0.11505  -0.28690
   0.24557   0.01275  -0.23112  -0.30564   0.23710   0.22000  -0.02553  -0.14624  -0.44518  -0.04353
   0.15023  -0.38879  -0.34580  -0.06559  -0.33704  -0.29956  -0.09996  -0.34669   0.16816  -0.32773
  -0.30759   0.10952   0.15581  -0.46706   0.20969   0.14465  -0.13079   0.12709  -0.41193  -0.02112
  -0.12675  -0.05421  -0.13378   0.17018   0.02419   0.04869  -0.40866  -0.27257  -0.31150   0.05136
  -0.27084   0.09047   0.07317  -0.16624  -0.29780  -0.21172   0.12714   0.10694   0.13626  -0.15850
  -0.34788  -0.46863  -0.33554  -0.27675   0.11907   0.02154  -0.16292  -0.22591   0.03325   0.05536
  -0.18725  -0.24412   0.14873  -0.42548  -0.18126   0.13771  -0.39413   0.22157  -0.20347   0.09496
   0.04417   0.07865  -0.22341   0.07408  -0.24907  -0.05823   0.09570   0.02306  -0.08636  -0.13476
   0.07646  -0.26605  -0.40837  -0.43020  -0.33168  -0.26550  -0.31409   0.00604  -0.00516   0.04425
  -0.23173  -0.00696  -0.48174   0.04782   0.12794  -0.24010  -0.39373  -0.14831   0.14319  -0.33539
  -0.15646  -0.46116  -0.46121  -0.17473  -0.35566  -0.00607  -0.05689   0.01406  -0.36214  -0.11420
  -0.00500  -0.27397  -0.45036  -0.33909  -0.30433  -0.03390  -0.29282   0.09162  -0.25494  -0.16251
  -0.15758  -0.35722  -0.47756  -0.48248  -0.15557  -0.10714  -0.35536   0.13714  -0.26129  -0.28009
  -0.01566  -0.05293   0.12361  -0.39202   0.26960  -0.04213   0.13888   0.18428  -0.45167   0.24998
   0.02867  -0.15937  -0.21415   0.12494  -0.11213  -0.24113  -0.24989  -0.33676   0.26548  -0.39261
  -0.36291   0.14805   0.00100   0.04178  -0.21665  -0.23506  -0.13535   0.16411  -0.15412  -0.21234
   0.13801  -0.14636  -0.26233   0.12743  -0.11628  -0.02311  -0.07240  -0.01633  -0.00375  -0.40787
   0.23732  -0.13295  -0.40714   0.06758  -0.16434  -0.07378   0.09638  -0.30059   0.08165  -0.38677
  -0.18506  -0.54084  -0.36373   0.02110  -0.32812  -0.14609  -0.13856  -0.35663   0.22860   0.00871
   0.18947  -0.12579  -0.33712  -0.14376  -0.09492  -0.14963  -0.14323  -0.36789  -0.31068   0.07405
   0.15344  -0.08905   0.06223  -0.14954   0.09152  -0.41497  -0.18533   0.16336  -0.29568   0.05094
  -0.32941   0.19134   0.08734  -0.49580   0.06381   0.08453  -0.38478  -0.11112   0.16481  -0.27385
   0.04658  -0.25252  -0.36320  -0.06949   0.03600  -0.02782  -0.12758  -0.29331  -0.08979   0.32481
  -0.25439  -0.10797  -0.11333   0.19830   0.01168  -0.22679   0.05917  -0.09063  -0.26705  -0.14305
   0.29391  -0.10321  -0.43028  -0.01839  -0.40592  -0.37696  -0.06038  -0.07910  -0.22938  -0.22801
   0.16663   0.04287  -0.32244  -0.19154  -0.21252  -0.23928  -0.06294  -0.04461  -0.33738   0.00211
  -0.26263  -0.05372   0.00115  -0.06350   0.16593   0.12667  -0.17706  -0.31048  -0.25015  -0.41230
  -0.18286   0.07159   0.05038  -0.27436  -0.20533  -0.30279  -0.24487   0.20132   0.12826   0.28449
   0.08552  -0.16250  -0.43927  -0.26988   0.14732   0.06905   0.08024  -0.13081  -0.16616   0.00177
  -0.13101  -0.53450  -0.23556   0.10192   0.20492  -0.38908  -0.48152  -0.21948   0.10767  -0.31204
   0.00238   0.16204  -0.13928  -0.40687   0.19889  -0.21384  -0.27973  -0.17635  -0.06531   0.07530
   0.12508  -0.03956  -0.01312  -0.08393  -0.28896  -0.26927  -0.18643  -0.20543   0.03407   0.13871
  -0.10852   0.03620  -0.01391  -0.33852  -0.32602  -0.48797   0.06063  -0.31427  -0.34239  -0.07513
   0.03844   0.00110  -0.25895   0.11566  -0.35425   0.10037  -0.36544  -0.36152   0.00003  -0.11203
   0.08097  -0.05757  -0.15831  -0.35162  -0.36991  -0.15413   0.03275  -0.31661  -0.14252  -0.33334
   0.22333   0.20252  -0.10764   0.02928  -0.13352  -0.13848  -0.33355  -0.00079   0.25716   0.18922
